462718359951234876783956124239561748816427593547389261374192685198675432625843917
536782194291465873784913562928536417153274986647891235362148759875329641419657328
127689534836254179495713286649572813512836497783941625364198752258367941971425368
849563712631427895527198643982671534763245189154839276296714358318956427475382961
825391674619427835374658912462539781951786243783142596138275469547963128296814357
146287539387549621925316478634928715259471863718635294872153946491862357563794182
689743125532681794417925836821496357396517482745238961278159643153864279964372518
814627539325914876697853142762541983481369257539278614978132465253486791146795328
791245863543186972862379541486953217325617498917824635138492756254761389679538124
143962587978453216256871349765348921312795468894126753687534192429617835531289674
298465137516973824374218695765832941483159762129647583932781456847526319651394278
673918452491725683528463917382174569716592834954386271145839726867241395239657148
673428951492561378158937462786154293921386547345792186269815734834279615517643829
694521378531768924872394651326859147187436295459217836715982463263145789948673512
732451698695738124418692375541867239389215467267943581954376812873124956126589743
826173549931458276754692381413826795278945613569731428347519862185267934692384157
148259763957368241326714985493175826682943517715682439234591678571826394869437152
724615839893247561615938427947823156568791342231456798456179283182364975379582614
592813647817645392643927815176452938428379561935186724264738159381594276759261483
681927345529346817437185629815763294974218536362594781246871953758439162193652478
461325798293781564785946231576213849942867153318459672829674315137592486654138927
526974183948315627731862459465189372817423965392657841173248596289536714654791238
657139248342865179189724365498613752731542986526987413274358691965271834813496527
918624357527138649643759281351962478874315962269847513436271895185493726792586134
143526798968471523527839641394758162286143957751962834839215476675384219412697385
381297654657481923942635718826759341175348269493126875219563487568974132734812596
921738465835642917674591382748925136563174829219863754486219573192357648357486291
836591472417826953952473618165387249248659137379214586584762391693148725721935864
837562914549813726162974835275136489483297561916458372758641293624389157391725648
261943785859726143374815926592637418438152679716489352687591234925374861143268597
197862354865734921432951867376549218928176543514283679241395786753618492689427135
329148765175632849846759321438265197261897453957413682712584936683921574594376218
247156938836942517591837426463521879182479365975683142614298753729315684358764291
984532167271689543635471829729143685453968712168257934897314256542896371316725498
683492175145387629729516438318679542457238961962145387871964253596823714234751896
173694528624578391859213746436857219792136854581429637317982465948365172265741983
159432786867159342243687591314975628798261453526348917485723169972516834631894275
928743165157296843463518297279485316536179482814632759791364528645827931382951674
518794236964321587327856941691435728285617394473289165852143679146972853739568412
795314862186925437423786519657498123941532786832671954278169345519243678364857291
273891456514763829986542713658124937491378265327659148865217394139486572742935681
784256139963481752521793468235178694679534821148629573896345217312867945457912386
981547326367192845245368791816235479739684152524971683158723964492816537673459218
317849526694572138825316497479635812562198743138427965953764281286951374741283659
812639475536724918974185263697541382421863597385297641149358726258476139763912854
142698375596372481378541629214967538839425167765183942657214893983756214421839756
284657139175439826639218457567194283413862975892573614341726598758941362926385741
934168725518472963672395841841236597295781634367954182753629418489513276126847359
895137642741862935623549718367958421582714369419326857956283174174695283238471596
586134297734592186291678435819267543462315978357489612945823761673951824128746359