468931752937256148215784963123498675584627319796513284659142837341879526872365491
761259438428137965359864712512986347874312596693745821185693274947521683236478159
548972136629513874713684592237491685984256713165837429851369247496728351372145968
136792458457861329298543617863179542741256893925384761584927136619438275372615984
597638214684127359123594678362859147419372865758416932235941786871265493946783521
872914536931562487645378219524691378718253964369847152183729645257436891496185723
387965214564271938219483756923814675671539842458726193742398561195642387836157429
274581963591763482836429751629857314458312679317694825162948537983175246745236198
612983457435127896978546123324675981567819342891234765746392518153468279289751634
158279364962143758743568129479621835315984276286357491621835947834796512597412683
167394258928751364543628197735169842486275931291483675352846719814937526679512483
492861375863579124175342689516238497247916538389754216724185963631497852958623741
562891347174536289839472651728149563945368172316725498681257934457913826293684715
513847269864259371927361485172683594358924617496175832231498756685712943749536128
748635912621798543935412687369127854254983761187564329872346195596271438413859276
632459817471268593598317642946835721827196435153724968369571284714982356285643179
972583614135946782648217935754162398216839457893475126487321569521694873369758241
687542319591368247324971568172854693835619724469237185958726431213495876746183952
954618732163742589872593416316859247298174653547236891421987365735461928689325174
345761892829453716176928543938516427652374189417289635793145268284697351561832974
179582364326794158845163279793816425681245793254379816968427531512938647437651982
372816459849572361561943728184239675957164832236785194428697513615328947793451286
739652841865341792241987365387415926416829537592763184154298673923576418678134259
375864192681792543924135876746918325853426917192357684439671258517283469268549731
465392871279816534381754296126973458847125369953468712694237185718549623532681947
586437912342951768971286435235198674714625389698743521423869157169572843857314296
932456718814327956675891342457168293193572684268943175581639427329784561746215839
513974268978162534426385719135897426297643851684251973769518342842736195351429687
784169352635427918192358674867532491349671825521894763456713289973285146218946537
543279168617538492982641375364892751825317649791456283478923516136785924259164837
687213594145698732293745816721456389568937421934182657816324975452879163379561248
672819345394265718185743269816354927957182634423697581241576893569438172738921456
569714328381256794472938165248697513197385246653421987916543872725869431834172659
973526418486917235152384769591243687234768591768195324615872943827439156349651872
364187925519423678782956341948531762153672894627849513291365487875294136436718259
968321754253479618471856293584162379129735846736984521615298437392647185847513962
534619827792548613681237945475186239263794158819325476148953762957462381326871594
935746128428319576671852394284135967356974281719268435843597612592681743167423859
649372518328951467715648392934517286186429735257836941873264159462195873591783624
841652379369874152275913684582149763617328945493765821926581437734296518158437296
217468359493152786658379214389725641126834975574691823861947532735216498942583167
586419327134572869297863145321695784645187293879234651912746538753928416468351972
143678259659421387728359146416897532592134768837265914274583691361942875985716423
471925836532168497968473512617894325259316748843257961324781659186539274795642183
378962415214538796695174823489321567763895142521647389847256931952413678136789254
812964735567132948349785216273618594186549372954327861728496153435871629691253487
763214589259378416148596237986735142325941678417862953592487361674123895831659724
251648793874913265963752148745186932698325417132497586316274859529831674487569321
247938165139675482865124793798213546653849271421567839914382657576491328382756914
716358942423619578859427316592763481148592763637841295285976134374185629961234857