000030000007050100000784000100090005004000300090503080600102007001000500802000401
700050038008130005000004000510900307000000000690700801000003000007520003200070059
508000106600010004003000500207000605080256010160030029800369007000728000000000000
106090008007800300090000017000109040700050003020304000580000030009008200300010904
590030000600007000003500008062009007000302000700400930200001700000200003000080021
002000500001000400600070009024090370000000000360000052103000605007406800400080003
307000004064200000000003006003804070000039040008706090000008001095600000806000009
200000003090060080000409000600807004008000600310604025000000000003105200705030108
000000000405107806000546000320000081060000040801000705000090000100468009080050030
050000300000143008703500100070020830010904070086050090001005907800796000007000080
107304008008000000000008097705109002000070000200403605350800000000000500600502403
400800370060500020005000600000208097040010030380704000004000900030007050058003001
000000000070536080039000650020040060045060170000705000080207030450903026003000700
003807200000050000900000005102000504308904607006000800000000000605702903000536000
040030002600700000000402080360000004200983061180000009000306090500200000010050006
600009017400260000008010600900030020027106430050020008009070200000082006280600009
002000604100040080040007900050062000010809050000470020007300060020090003309000200
007000019590300000004070500100050093005000700460030005008020400000005076740000900
900000002003040500072003410006050000090104050000030800021900360005060900600000004
005700000020053706170000003038006000600000009000200630700000068204690050000002900
009080300000090000840103079700000005600205003204000806000407000010000040407050902
300800409049000060001000000004039000000000832006085000008000000015000040700400206
039002800060301092200080005380000020006000500090000084100090003920506010008100250
070064000000700500900035800740008000050006017190007000400071200000200400060049000
005090070000010004080004006100003008007020300900400002600200080700040000030080900
500007002040050760070200000200108600010020080008703001000009050069070040800300006
030406008000307906005000000007108200000070000008903100000000400309704000700205030
003904200908162504000080000105090406200603001004000900000508000040030090000020000
704009302000000000000350004807500090309000805020004703400013000000000000208900507
503070108010000090002601300360000051000010000701406203000903000006000900200000007
080000090105698702000705000001000300008000400900182007800020005400000003070501040
600809005094205710100000009000000000900000004020697080000070000060030070038000450
000010000001256700000908000048607510090000040600000007006503800020000030030000050
000000008080000030152080700000003007200768001700100000005070943020000050300000000
300100005510403008002006000000531060003002000000849010001005000870204006400700009
900000004200070008000856000084000370000705000000904000600000007002000100807010902
000010000700508003080207040005080200000704000810020076140000062057000380300070004
000006000008300500601052300080000960050904080019000030003590602002001700000400000
040072000008900060700640090930000006006020005250000001800260050002100070090083000
800052009000004100070910000580000700607000905003000021000081030004200000100430006
007008000400000006658000204080725000100000900070691000861000502700000008002003000
086000020100000809097803105001605700000080000009204600902706530703000006060000970
003000200600421007000000000010897030502030708007000900200080001000902000000716000
070905030030000090908403502010090020009316700000000000020080050100000004005000100
008060400200000790090100000009020500703800040001040300040200000900000670006080200
802000700000100908040005006270600000000540000950300000020006003000800609601000400
060014000200000010008096200080700102300040008407002050002480300070000005000650020
250040700004003065960000040000106030000020400000407080310000050009001074480060300
040938000100005002000000700700203006000040001400507009000000600500001008080756000
006008900020600570050007006090060400000090000007040090200900030074005020001200800