000718000050200006700050120239000000800000003000000261074090005100005030000843000
030702090091000870004913500000506000000070000040801030300000009070020040419000328
100000004030050070000000000600000003012030490780901025060090050200307001900405008
800503712600007000500100000980070504000205000104030076000004008000900007475302001
825001004010000035004050902400030000001706200000040006108070400540000020200800357
146207000000000020000300000004920005009001063008630004000100000000000050563704000
600700120000680000410005000000400307306500082000200901270009000000860000900300510
014000030305000006007800142000541900000309000009278000978002400200000701040000320
790000800500106070002300001080053000000000000000820030100002700050701009009000024
003062080970403010000800009760000920300000008094000053600004000020607035030280600
200005037510000020004008600705832000000109000000647503002700400040000019650300008
603008052490005080008060907380000000006090800000000071105030700060200095230600108
603000901002060300008907400000000000901000507340090086000805000800070005010603020
000021000500700920000004050006050047087030200009010036000002060200100780000073000
730400608000030004408090300000867009089205460200943000004070802800020000106009043
000003500001408200754092380413000090008000600060000428047510862005207900002300000
100050003057300240020710080000000820602000507015000000030091070071006390800030002
700610009003247000000008020047020056560701042230050790050100000000364900300082004
002810040810000090003020805000050008408309501900080000204030100080000076050061400
001020300009006000400005029015060000900208006000090780240800003000400100003050400
060020000003081504080900030070203800940000053008409070020004010107590400000030020
520900083908010007000860050000000302017000960302000000070048000200030704650001038
607100008000005000009024305098000002001040900500000410204350600000200000800006507
008004300000038600643000201350902000070000060000807013406000895005490000002500100
100026708060401020507800600390000160200000007051000034009005406070304010402690005
301207054607000000002600718800050301000308000403020005219003400000000102730802506
000030000805000907004501300000925000003000800200060004080209070190307048000000000
000090000400806003050070010000000000240050037009214500080000090090108020001000800
800062004009000700060074030205106000403000501000408302050640090004000100300720008
260040080009020100370015006500600000008000600000009002600590034005070800040060097
190000054065704920000000000300040008900000003010080070200395006050608090000020000
029008700070630000040050001000265007200000053000413002010080006080920000094006200
000106000036042010001000420460020009080409060900080042014000700020310680000704000
000500000071609040005071820029000085003000700160000930097310200040806370000005000
080002100000300609729010400300000040007000900060000007001060253506003000004700090
103000508024000390059010740000857000090000050000000000010902060000305000065000980
000000006800050042040687001314070000000000050526040000080723009900010034000000005
008040000000000003400508290070005016006009400010002059700304520000000001002050000
008000036004020087300056040690035000000000000470089000800043070006070053009000012
005010800006900400020780509000000003001532700800000000208069040009003600004050200
000090050014000020900000713608024900000070000007650108865000004030000570040030000
080200130900080702521000400000108004070030020100609000006000217302060005057002080
981500006007100005000300091000000479000000000524000000150003000400006500600009218
300800500000072100800306007470000800000190003130000900900704001000051300700200600
012609400000700908970180003600000382001000500385000001100058026208006000003902850
100008075596002080000041020214060000009405100000080942050210000080700214420800006
000607130105400000600210050500000283003000900892000004040026008000001302026305000
934000000008070060000095801000200500200781004007004000703620000080010200000000359
090007640740800935620000000300908020000000000010306007000000074174005083038400090
500130000000090106000008430009200000460305078000009600045800000603050000000046009