701000008200103790000080400030900020900000000070200060000060100100704650604000007
100060000768010500002000800500600040090030080070004003009000400006090357000080006
400000002060800590025009800008090020000568000050070400004700630096003080800000004
070320050000050000000010637098000070500000002040000910416080000000030000030041090
700901006804020509000000000002709800000302000008010600409000705500000008006000300
000200000200000004650001890003980050570006003002730010390008420800000009000600000
730040006024000700000001420000074000900080007000620000089200000005000190400090082
100402009000389000050000020000040000280000067000507000900010005002806900010030080
200000054060020000001508020003004700000801002006007400002605090070010000300000081
000200001150003000000010750200305010509000806080906002025090000000100075400002000
800159004004000100020030080700000002300070006040203090083506740000000000060010020
030080400004090007200004010005906000490000032000402900010600003300020700009010040
900000003050000014000780009103090000040070020000010406800021000610000080700000002
500000000000201400046300070000004059093800006000009083082400090000903800700000000
009200016067500030000060080600000500005704000800000300000020050016400090008600021
090100008805704900004000700000570000000000320000290000006000400902408600050900001
040000070000204000600871005008309600009000200406000109200000001090080060000435000
060003807004080000072050009005000306090000080003000504058090003006040000040006105
100050900000020007006801030000015009053000060000086004007402010000030008400070600
092008030007056000000000000039600401000090300064100705000000000006017000085003040
002047090700035000000100007190000800840000035007000061200003000000590003050860700
065000970000020000020964010001000200084030150900040007800010004040000020002090500
006000980900070000702800103000104700070050060005708000608003409000020008037000500
000800090208005700010049080061090005009201300400050170030480010002500608080006000
000400500700800601800007040000010420009000300017030000080300005504006003006005000
004281000030700800800003070000000590600100004000000630200008050060400100008659000
003007600080200000000005007000040080064090050000020030000004001050300000002006400
600000008210030046070000090000195000006824300000000000890346027402000609000902000
050000000000670009708150020805400000020060080000005302080093705600081000000000010
000010000037000120500000008004608300050020060008903700000090000603000205105000903
000500080009030100340000905068040500003900006091050300120000809004020600000800050
000000075800070490030005160000009602000708000306500000061900020028040006940000000
000802000082040390030901020048000970500000004600010005215000469000000000004060700
080000024023000810600002000090085000002090480060071000100007000056000970070000061
630080001004100008000003020006908070500020006070306200050400000100009700900060012
000960870900470000607005100003000061870000043160000700008100602000032008012098000
000654000002809500001000800405030608780000093030060040004000700003090400100000006
090080030104007005000450090010000700708000201005000080080074000400200608020090010
090002001204000000060070094410005009000020100680007005020050047103000000040003008
000000003040010020758203000300020905000908000609050007000107862010060040200000000
005000600000596000080000040000109000060000070048050910400020008091805420050040090
000000040000003018089104500508070004700000000601040009035607800000002056000000090
306000009002007060079100403005089000004000900000620500508004690020900300600000204
600800004071006030003004910045000007000000000100000480068900500090100270700003008
040600000090700500308040069060001090800000001010800040130080702006002080000004010
009040600028000350060302090000905000000000000340000027010607030000208000003050800
000405000804070506900060004080501070003709600001030900000356000056010490000000000
540026007000000510000357000070600030000070000080009020000582000063000000900760041
800040002025003040000007030061704000200000004000902610080500000040200180700010005
005010600000000000210000095800203006076040230000000000000802000063000780002906500