007004000008209701054080000020000930000000000046000080000060270405701800000500300
007065100000430800930000007700000010250090038010000005500000041003082000001540700
003000080800506000002009701045107020000000000030804950104700500000203008020000400
310040002098700051002000380000402090500000007070501000031000800950004210800010069
005700000100000500704256900800070005070000001600080004506439700900000600007600000
020300704790100200000002000630000502000010000107000098000600000008007046409001020
060090010008000400200000008100802004900301005000000000800703009040020060700609002
005008040102050700000600018870020006000000400910040002000500094301090600009004080
900000000000948610024070090007300000401000079009400000048060050000591840700000000
000056070100208000002040600310020060805709103040010057003070500000905004050430000
000000000700080009100763004003805400000000000805209603430000057500000008008070200
007090800050000030040000060000301000610804095002000300004503600006000500100080002
005010370603700000700800016000000140100040005047000000280001007000009408076080500
009504080400090000000001006901050004050403010800070603600700000000040008070305400
700023090302500000500000270009004000000096850008005000200000980904300000800069010
600300500000807209000060070978030100040000030006080427060040000504702000009008005
608000015090800200000142000500200000060050070000004008000783000006009050430000801
600500000085200670037006000009010050800000096006020080041007000058400360300100000
203000090060307000008020400000500604050010800000200901005040100070901000401000020
000000000210050097700908004600105002002000800070804060001267500097080620000000000
457900002000005809060100005090000604000000000205000080300009040501700000800004153
007080400800263005031040820308000506006030900090000030000000000000709000100020008
500079040000400005009800000100900087004000500760003002000002800600005000080640001
000600030910000006000003800006072003000890001007041005000005200540000008000900060
000030000000875000030060040850203016260908073040000080003607100080000060610000037
708200004000000000004081706002010007003928100100040600807460200000000000200005401
004002006860700000007300000105000060608070905070000302000009600000007089300600500
050010030000009000000000954307600002420901000506400007000000749000006000070050010
000090000701080203500401008006302700870000026040708090000604000000000000069000130
009700003005100800003008060000001020940000076030600000070800400008002600500009200
007600000500093002100420000200040010019300004700060080900750000600019003001800000
610409000030008900405000601001000056000090000560000800307000408009200060000803097
638700500009000700000600009040015008001080000090062005000500002006000800973800100
800000001094100060000379040008907620003000900016502700070283000030001870600000009
500309600070204309000000000902037001008000003603021004000000000090608407400103900
020050090006080300900607005000000000300209008060000070087506910050030040004000500
605000009020300000100069003000002900002183050000004100800096005060400000901000004
008430600005006000600800035060502308700000002502109070140007009000300700007054100
081605370000000000020080090000060000008904200095307480000000000407000905530090067
000005904000300000007048251302000070005000400080000509573860100000003000601400000
800006039900170500070008000409000080080000060020000401000300050004089002160500004
000020070069007005004000000300801000000000348900206000001000000086009007000070020
050390040700200506060004000007050019600409007390010600000900020504002008020048060
400000009750090018003050200000000000302000806180070045000000000000705000030604090
200097000500400900003062010040800002000000003070300009005031080600700200100056000
000506070073002008500001020050000210700000500040000390600008040012009005000205030
070006000050700183098030600300207050002010800010304002001020570625003010000600020
400503001900000003002060400000000000010080090700641008090050030030429060000000000
900001025003072008600800040000000150000000000061000000070005004400790300830100006
851000240000817000070000600034020006000100000085060009010000800000273000623000570