761492538248153796593687412436975821912846375875231964327568149189724653654319287
145863972768219534932547861523678149694132785871954623359726418286491357417385296
489657312361842597725139846678394125142568973953271468214785639596423781837916254
674329851381756249925814637198462375567193482243578916416985723859237164732641598
723951486814627539965843217142769853657382194398415672489136725531274968276598341
489257136231869574657341892163984257578126943942735618396578421825413769714692385
731842956824956731596731428158374269962185347347629815689213574275468193413597682
163452879427389516859761324791648253285193467346527198978214635532876941614935782
289736154564129873731548926153294768947861532826357419412685397678913245395472681
673259481158473629942618753264385917539721846781946532325897164896134275417562398
836159274974628153125734689758961432392475816641283597283596741517342968469817325
931287465654391827278564319825936174497158632163472958712649583346825791589713246
986154273357269814421783569163492758548376921279815436834521697612947385795638142
528746931937251468146398572871634259293875146654129783382417695415963827769582314
589243716167598234432167985694312578325784169871956342943821657216475893758639421
697135248815724936324689715248573169569841327731296584186357492972418653453962871
941653872875294316632871495728319654319546287456728139283967541594182763167435928
169423857534789261872651439785214396491365782623978514258197643316542978947836125
148753926395624187276891435624315879853947261719286354987462513562139748431578692
192748536347956218658321974239675481571894362864132795413589627926417853785263149
512647398789235146634189527195326874846971235327458961268713459471592683953864712
465381972198527436327964815671859243284736159953142687836215794549678321712493568
316245987984371256752896143869134725173952864245768391628513479591427638437689512
674823591298165743315749286761394825859271364423658179536482917942517638187936452
291463578745892631863157942358619427429578316617234859982341765574926183136785294
794281365536794812821563479473826591689135724152947638247318956965472183318659247
523417698187269543946835217239541786864793152715628934678954321451372869392186475
643259718219738546578461293327195864956824371184673952895346127432517689761982435
159324876243678159768159423815432697324967581976815342481293765697581234532746918
986214537437586129521739648714658392359127864268943751872395416693471285145862973
612594783859237164347168925268743591573981246491652378125476839984325617736819452
619384275852671493437295168175439682294768351386512749761953824528147936943826517
951832647782546391436971528148253976573698214629714835215387469867429153394165782
781539624923764815645812793497285136512396487368471259139627548856143972274958361
637284591294175638815693427326948175589721346471356289758412963162839754943567812
325961874981473526647285139253847961879516243164329785738154692596732418412698357
378654921642819537951273864415932678786541293239768145524386719863197452197425386
592186437134927865876453192213865749768349251945712386681574923459231678327698514
895342671274916853361578294412865739537429186689137425928651347153784962746293518
162895473943716528758243196374621985521978634689354217495137862817562349236489751
915784632234596781687213549523179864169438275748652913476921358391865427852347196
156728943274953618389164572598276134743819265621345789435697821917482356862531497
356842719142397865879165423765489132214753986983621547538274691427916358691538274
659831724471296835823754916245389167986417352137625489368972541594168273712543698
542619378691738524378245169463521897825497631719863245134986752956172483287354916
739541682428769351561382794182975463976423518345816927814697235657238149293154876
167425839824973516935168724689541273243789651571632948492356187356817492718294365
549126387637894512821357469472615938396278154185439726714582693263941875958763241
837145962625893741914627538361784259259361874478952613182536497543279186796418325
435719628698325417217684395854293176176548239329167854541872963963451782782936541