197634528368259741254187693521846937783912456946375182819463275435721869672598314
847965123162437859935218467789356214254791638316824975528679341473182596691543782
693471285817526394452389761945137826786952143231864957164798532579243618328615479
315846972498723651762159384183472596546938127279561438631297845957684213824315769
285791436169843527734256918893174265472365891651982374516439782928517643347628159
821395764796184235345762189634978512982516473157423698273649851518237946469851327
467598213518237496293416578175862934984371625632954781826743159349125867751689342
635178249182459763497632518874321956253986471916745832728563194341897625569214387
916253784573948612824176395257319468431685279689427531148762953362591847795834126
934156872176298435582347619317524968825769143649813257493672581761985324258431796
364952781752481369189763524693815472241637895875249613436128957527396148918574236
367192854259468137841735269598371426613824795472956381924513678786249513135687942
895216374613794852724835916968527143132948765547163289289451637351679428476382591
169524387483697125527831946931256874756483219842179653694718532315942768278365491
741623598392578146586941273159834627437296851628715439263157984914382765875469312
697321584413857269852469371978234156245176938136985427761543892584792613329618745
628397415194865237375142986543278169862951374719634528951783642286419753437526891
694571832185239674237846915479618253823754196516923487941367528758492361362185749
213864597564397218798125463129578634356419872847236951935742186672981345481653729
954732186218456397763918254689175432142693875375824961831267549497581623526349718
457968312132475869968132475793851624684297531215346987326519748541783296879624153
257981463849263715631547829318492576726135984594876231962358147483719652175624398
536279148817436925429851736153924687294768513768513492375192864641385279982647351
874659132913728456652413879186572943435896721297341685768135294549267318321984567
178439652426875391935162748857243916261958473349716285593687124784321569612594837
738296514961754328524381796452613987673928145189547632817469253345172869296835471
954812736863745291217396458135924867628173945479568312781459623546237189392681574
954817236632549871781362954317685492428971365596423187265138749143796528879254613
684293517791586243532471968916342785873915426245768391127634859358129674469857132
489726153765134892123598764657941328941283576832657941276815439398472615514369287
327685491564193872198427536256948317819372654743561289932754168685219743471836925
618459372732618945495732681971384256283596714564127839357961428849275163126843597
638749521419258763725631489342915678561387294897462315184576932256193847973824156
857426391394158267261379548548917623723864915916532784179283456435691872682745139
524319678176284359839765142942837561718546293653921784367492815291658437485173926
428351796576984321913627485792865134341279658865413279287546913659132847134798562
635721489729348561148569273317652948492183756586974132874296315263415897951837624
218435697395726841674891235469572318781643952532189476143267589956318724827954163
981645372354729618726183594143268759678954231295317486869572143417836925532491867
168275934254391687937648251392514876715986423486732519573869142849123765621457398
841256739936174528572938146419765283387412965625893471298341657754689312163527894
135928674869417235724563189357841962612795348948236751471682593286359417593174826
158396742743281596269574183487653219615429837392817654876935421534162978921748365
428167539756392418913458267675843921342519876189276345864921753291735684537684192
268197435517483926493562718341879562952614873876325149725931684639748251184256397
924586173173942658586371429358694217769123584241857396635718942812439765497265831
173846295456792183298135647384267951762519834519384762931428576625973418847651329
478593621961274583352168479845932716613785294729641358294856137137429865586317942
987431625543672918612859743394268157758913462261547839176385294425796381839124576
851396247462817395379452618134529786796138452285764139917645823548273961623981574